27,1
27,3
10,125
11,12
8,15
3,2
3,1
3,3
10,15
10,223
10,97
10,167
10,253
10,277
10,133
10,1
10,91
10,2
10,3
11,13
11,21
11,7
11,15
11,1
11,19
11,2
11,3
9,7
9,1
9,5
9,2
9,3
8,10
8,8
8,18
8,14
8,17
8,12
8,1
8,11
8,2
8,3
12,2
12,1
12,3
20,2
20,1
20,3
19,2
19,1
19,3
50,4
50,3
50,2
50,1
50,0
49,3
49,2
49,1
49,0
48,3
48,2
18,1
48,1
18,3
48,0
47,5
47,4
47,3
47,2
47,1
47,0
14,1
46,4
46,3
14,3
13,1
46,2
13,3
46,1
46,0
44,5
44,4
44,3
44,2
44,1
44,0
41,5
41,4
41,3
41,2
41,1
41,0
39,5
39,4
39,3
39,2
39,1
2,2
39,0
